11
27
16
3
16
11
27
3
21
17
1
21
17
1
11
37
53
49
60
17
1
8
71
49
43
39
28
44
4
11
37
53
49
62
17
3
11
37
53
49
43
39
28
44
3
24
71
49
62
45
55
63
4
11
70
53
49
62
45
55
63
3
11
70
53
49
62
29
3
11
37
53
49
43
39
28
44
3
11
37
53
49
62
2
17
3
24
71
49
62
47
61
46
4
24
71
49
62
69
26
52
4
11
37
53
49
62
47
26
46
3
11
37
53
49
62
69
26
52
3
11
37
53
49
62
45
55
63
3
11
37
53
49
62
29
3
11
37
53
49
43
39
28
44
3
11
37
53
49
62
17
3
24
71
38
62
47
26
33
4
24
71
38
62
69
26
40
4
15
47
26
33
3
15
69
26
40
3
15
47
26
46
3
15
69
26
52
3
11
70
53
38
62
45
55
63
3
11
70
53
38
62
29
3
11
70
53
38
43
39
28
44
3
11
37
53
49
62
2
17
3
24
71
4
7
71
4
13
26
34
4
9
62
1
9
62
1
10
64
30
3
11
70
53
2
35
53
2
47
26
34
3
25
50
49
62
3
25
68
58
3
25
50
49
62
47
26
66
1
11
70
53
2
35
53
47
26
66
3
15
47
26
34
1
25
48
51
31
3
11
37
53
49
62
47
26
33
3
11
37
53
49
62
69
26
40
3
11
37
53
49
62
47
26
46
3
11
37
53
49
62
69
26
52
3
11
37
53
49
62
45
55
63
3
11
37
53
49
62
29
3
11
37
53
49
43
39
28
44
3
11
37
53
49
62
2
17
3
5
65
1
5
65
1
5
65
1
5
65
1
7
71
2
70
71
2
54
26
65
4
15
54
26
65
1
15
47
26
66
1
15
47
26
34
1
16
1
14
51
31
1
11
70
53
2
35
53
2
47
26
33
3
11
35
53
2
70
53
2
69
26
40
3
11
68
53
38
62
69
26
52
3
11
68
53
38
62
47
26
46
3
11
68
53
38
62
45
55
63
3
11
68
53
38
62
29
3
11
37
53
49
43
39
28
44
3
11
37
53
49
62
2
17
3
18
1
13
61
36
4
10
47
61
36
1
24
71
2
35
71
2
47
61
36
4
11
70
53
2
35
53
2
47
61
36
3
24
71
2
35
71
2
47
61
56
4
11
70
53
2
35
53
2
47
61
56
3
15
47
61
36
3
15
54
26
65
3
15
47
26
34
3
15
47
26
66
3
11
37
53
49
62
2
16
2
71
58
3
15
47
26
46
3
15
47
26
33
3
15
69
26
52
3
15
69
26
40
3
11
68
53
38
62
45
55
63
3
11
37
53
49
62
29
1
25
37
53
49
43
39
28
44
4
11
37
53
49
62
2
17
3
7
71
2
70
71
2
69
26
41
4
11
70
53
2
35
53
2
69
26
41
1
24
71
2
35
71
2
54
26
32
4
11
35
53
2
70
53
2
54
26
32
3
11
68
53
2
68
53
2
69
26
41
3
11
68
53
38
62
47
61
56
3
11
68
53
38
62
54
26
65
3
15
47
61
36
1
15
47
26
66
1
15
47
26
34
1
25
48
51
31
1
11
37
53
49
62
47
26
33
3
11
37
53
49
62
69
26
40
3
11
68
53
38
62
47
26
46
3
11
37
53
49
62
69
26
52
3
11
37
53
49
62
45
55
63
3
11
37
53
49
62
29
1
11
37
53
49
43
39
28
44
1
11
37
53
49
62
2
17
3
25
37
53
49
62
3
19
71
57
3
23
62
1
23
62
1
6
71
50
3
23
62
28
71
50
2
11
57
3
16
1
12
71
68
48
51
31
2
11
68
67
62
3
25
68
58
3
18
1
11
49
43
39
28
44
1
11
37
1
11
49
62
2
17
1
6
11
70
38
62
47
26
32
3
6
11
70
38
62
69
26
41
3
6
11
68
38
62
47
61
56
3
6
47
61
36
3
6
54
26
65
3
6
47
26
34
3
6
47
26
66
3
22
30
59
42
2
59
42
2
71
58
1
19
11
68
38
62
47
26
33
3
6
11
68
38
62
69
26
40
3
6
11
68
38
62
47
26
46
3
6
11
68
38
62
69
26
52
3
6
11
68
38
62
45
28
63
3
18
1
11
68
38
62
29
1
11
37
59
49
43
39
28
44
1
20
71
1
20
71
2
17
1
